Vg=[-2.2
-2.15
-2.1
-2.05
-2
-1.95
-1.9
-1.85
-1.8
-1.75
-1.7
-1.65
-1.6
-1.55
-1.5
-1.45
-1.4
-1.35
-1.3
-1.25
-1.2
-1.15
-1.1
-1.05
-1
-0.95
-0.9
-0.85
-0.8
-0.75
-0.7
-0.65
-0.6
-0.55
-0.5
-0.45
-0.4
-0.35
-0.3
-0.25
-0.2
-0.15
-0.1
-0.05
3.19189119579732E-16
0.05
0.1
0.15
0.2
0.25
0.3
0.35
0.4
0.45
0.5
];
Cpre=[3.24488E-06
3.236616E-06
3.228208E-06
3.21916E-06
3.209248E-06
3.198464E-06
3.186808E-06
3.174056E-06
3.160248E-06
3.145376E-06
3.129384E-06
3.112256E-06
3.093752E-06
3.074128E-06
0.000003053
3.030328E-06
3.00616E-06
2.98024E-06
2.95228E-06
2.922144E-06
2.88968E-06
2.854664E-06
2.81672E-06
2.775416E-06
2.730232E-06
2.680568E-06
2.625216E-06
0.000002563
2.492192E-06
2.41024E-06
2.313488E-06
2.197216E-06
2.054584E-06
1.877144E-06
1.657272E-06
1.395224E-06
1.10644E-06
8.201544E-07
0.000000566
3.652968E-07
2.272952E-07
1.459208E-07
1.024296E-07
0.000000079
6.57584E-08
5.83032E-08
5.37384E-08
5.05232E-08
0.000000048
4.60648E-08
4.428E-08
4.272936E-08
4.1432E-08
4.01386666666667E-08
3.92332E-08
];
Cpost=[3.16708E-06
3.145568E-06
3.123696E-06
3.101216E-06
3.0782E-06
3.054224E-06
3.029312E-06
3.003392E-06
2.976248E-06
2.947768E-06
2.917824E-06
2.886168E-06
2.852496E-06
2.816688E-06
2.778432E-06
2.737192E-06
2.692832E-06
2.644696E-06
2.592224E-06
2.534328E-06
0.00000247
2.397824E-06
2.315824E-06
2.221888E-06
2.112808E-06
1.986424E-06
1.839136E-06
0.00000167
1.48292E-06
0.000001285
1.089408E-06
9.08888E-07
7.49192E-07
6.071976E-07
4.814624E-07
3.681528E-07
2.678792E-07
1.847104E-07
1.240504E-07
8.6156E-08
6.62032E-08
5.67248E-08
0.000000052
4.9208E-08
4.71784E-08
4.55224E-08
4.40976E-08
4.27952E-08
4.171176E-08
4.065456E-08
3.9556E-08
3.856112E-08
3.776712E-08
3.67756E-08
3.631E-08
];